[
    {
        "aggregated_by_config": {
            "A15": {
                "RMSE_energy_per_atom_eV": 0.011444141783816858,
                "RMSE_force_eV_per_Angstrom": 0.05993725653454907,
                "RMSE_stress_eV_per_Angstrom3": 0.007617930767875163,
                "average_relative_energy_error_percent": 0.08536742310741921,
                "relative_force_RMSE_percent": 120.4795203510808,
                "relative_stress_RMSE_percent": 9.976664510589167
            },
            "C15": {
                "RMSE_energy_per_atom_eV": 0.019899359449638544,
                "RMSE_force_eV_per_Angstrom": 0.018911382394064796,
                "RMSE_stress_eV_per_Angstrom3": 0.011945532883038684,
                "average_relative_energy_error_percent": 0.14159817795497645,
                "relative_force_RMSE_percent": 91.05955545990356,
                "relative_stress_RMSE_percent": 65.69637664928621
            },
            "default": {
                "RMSE_energy_per_atom_eV": 0.010430954702488086,
                "RMSE_force_eV_per_Angstrom": 0.09536311742121555,
                "RMSE_stress_eV_per_Angstrom3": 0.003922383153542667,
                "average_relative_energy_error_percent": 0.1025650064991374,
                "relative_force_RMSE_percent": 114.24203978072933,
                "relative_stress_RMSE_percent": 187.06700939886468
            },
            "dia": {
                "RMSE_energy_per_atom_eV": 0.02336092629264277,
                "RMSE_force_eV_per_Angstrom": 0.15422176000275306,
                "RMSE_stress_eV_per_Angstrom3": 0.008296090802945175,
                "average_relative_energy_error_percent": 0.1992515192789943,
                "relative_force_RMSE_percent": 30.156199613924763,
                "relative_stress_RMSE_percent": 33.17422227892956
            },
            "hcp": {
                "RMSE_energy_per_atom_eV": 0.02823802805701185,
                "RMSE_force_eV_per_Angstrom": 0.0669331184301493,
                "RMSE_stress_eV_per_Angstrom3": 0.017272922799119017,
                "average_relative_energy_error_percent": 0.209063492813176,
                "relative_force_RMSE_percent": 12.011636771894809,
                "relative_stress_RMSE_percent": 17.17514130634483
            },
            "liquid": {
                "RMSE_energy_per_atom_eV": 0.0524661286280029,
                "RMSE_force_eV_per_Angstrom": 0.32226076102593365,
                "RMSE_stress_eV_per_Angstrom3": 0.004888485343310468,
                "average_relative_energy_error_percent": 0.46913825490329586,
                "relative_force_RMSE_percent": 27.73191047749122,
                "relative_stress_RMSE_percent": 7.713853266992849
            },
            "phonon": {
                "RMSE_energy_per_atom_eV": 0.004295934372802749,
                "RMSE_force_eV_per_Angstrom": 0.06548297189509614,
                "RMSE_stress_eV_per_Angstrom3": 0.001872920258351198,
                "average_relative_energy_error_percent": 0.038786294880774376,
                "relative_force_RMSE_percent": 9.962006527441078,
                "relative_stress_RMSE_percent": 5.901678918917084
            },
            "short_range": {
                "RMSE_energy_per_atom_eV": 0.007858672004685386,
                "RMSE_force_eV_per_Angstrom": 0.18128745007557376,
                "RMSE_stress_eV_per_Angstrom3": 0.0030707754173584043,
                "average_relative_energy_error_percent": 0.05810908335063576,
                "relative_force_RMSE_percent": 4.306457473429812,
                "relative_stress_RMSE_percent": 4.154756645895584
            },
            "sia": {
                "RMSE_energy_per_atom_eV": 0.0031971040286136385,
                "RMSE_force_eV_per_Angstrom": 0.06025665387306027,
                "RMSE_stress_eV_per_Angstrom3": 0.001884714286420203,
                "average_relative_energy_error_percent": 0.03177335832526677,
                "relative_force_RMSE_percent": 21.316710198694548,
                "relative_stress_RMSE_percent": 7.032885913141601
            },
            "surf_liquid": {
                "RMSE_energy_per_atom_eV": 0.031638947978265754,
                "RMSE_force_eV_per_Angstrom": 0.19763728467828112,
                "RMSE_stress_eV_per_Angstrom3": 0.00151300207564791,
                "average_relative_energy_error_percent": 0.2569210670030522,
                "relative_force_RMSE_percent": 15.32648675632801,
                "relative_stress_RMSE_percent": 7.550246343530063
            },
            "surface_100": {
                "RMSE_energy_per_atom_eV": 0.025165069825700003,
                "RMSE_force_eV_per_Angstrom": 0.06204791644360542,
                "RMSE_stress_eV_per_Angstrom3": 0.0017809083348159802,
                "average_relative_energy_error_percent": 0.22325210495794473,
                "relative_force_RMSE_percent": 16.856521683971454,
                "relative_stress_RMSE_percent": 14.975490722636106
            },
            "surface_110": {
                "RMSE_energy_per_atom_eV": 0.009619846094033444,
                "RMSE_force_eV_per_Angstrom": 0.05388300866831991,
                "RMSE_stress_eV_per_Angstrom3": 0.0015893356004149212,
                "average_relative_energy_error_percent": 0.09234279263719193,
                "relative_force_RMSE_percent": 12.583266213722666,
                "relative_stress_RMSE_percent": 7.315038643066645
            },
            "surface_111": {
                "RMSE_energy_per_atom_eV": 0.014979479326113956,
                "RMSE_force_eV_per_Angstrom": 0.17630893005687617,
                "RMSE_stress_eV_per_Angstrom3": 0.0011974034454773105,
                "average_relative_energy_error_percent": 0.11428108716857441,
                "relative_force_RMSE_percent": 20.541483183613437,
                "relative_stress_RMSE_percent": 6.14790448937711
            },
            "surface_112": {
                "RMSE_energy_per_atom_eV": 0.006150434417471739,
                "RMSE_force_eV_per_Angstrom": 0.0844980875370576,
                "RMSE_stress_eV_per_Angstrom3": 0.0013506804562197182,
                "average_relative_energy_error_percent": 0.06323360024941015,
                "relative_force_RMSE_percent": 18.092819646353277,
                "relative_stress_RMSE_percent": 9.914021274250642
            },
            "vacancy": {
                "RMSE_energy_per_atom_eV": 0.004362831576585495,
                "RMSE_force_eV_per_Angstrom": 0.04291497490213265,
                "RMSE_stress_eV_per_Angstrom3": 0.001679155871250225,
                "average_relative_energy_error_percent": 0.037995893559890595,
                "relative_force_RMSE_percent": 9.734753201090928,
                "relative_stress_RMSE_percent": 6.845785957055449
            }
        },
        "average_inference_time_sec": 0.020388685361753603,
        "model_name": "/home/myless/Potential_Training/V-Cr-Ti-W-Zr/fixed_al_ensemble/gen_6_2025-01-16/gen_6_model_0_L0_isolated-2026-01-16_stagetwo.model",
        "num_structures": 2131,
        "overall_energy_RMSE_eV_per_atom": 0.011369039837659134,
        "overall_force_RMSE_eV_per_Angstrom": 0.09883573372186506,
        "overall_force_relative_RMSE_percent": 106.76155274995638,
        "overall_stress_RMSE_eV_per_Angstrom3": 0.0041925813070871456,
        "overall_stress_relative_RMSE_percent": 171.5523830085171,
        "per_structure": [
            {
                "config_type": "default",
                "energy_error": 0.7067756656249458,
                "energy_error_per_atom": 0.0056998037550398855,
                "force_error": 0.05814292195905843,
                "inference_time": 0.020047109574079514,
                "n_atoms": 124,
                "predicted_energy": -1124.872802734375,
                "predicted_energy_per_atom": -9.071554860761088,
                "relative_energy_error_percent": 0.0627921542988209,
                "relative_force_error_percent": 15.287130227671936,
                "relative_stress_error_percent": 148.2356991933203,
                "stress_error": 0.005348796097400934,
                "structure_index": 0,
                "true_energy": -1125.5795784,
                "true_energy_per_atom": -9.07725466451613,
                "true_stress": [
                    0.005782864310785979,
                    -0.00024323161063567058,
                    0.001316715006705458,
                    -0.00024323161063567058,
                    0.002862455949276076,
                    -0.0011709383195613288,
                    0.001316715006705458,
                    -0.0011709383195613288,
                    0.00831958838180046
                ]
            },
            {
                "config_type": "default",
                "energy_error": 1.403897048124918,
                "energy_error_per_atom": 0.011321750388104177,
                "force_error": 0.04657601054683529,
                "inference_time": 0.02016313746571541,
                "n_atoms": 124,
                "predicted_energy": -1092.715576171875,
                "predicted_energy_per_atom": -8.812222388482862,
                "relative_energy_error_percent": 0.12831295690161157,
                "relative_force_error_percent": 102.51217020365327,
                "relative_stress_error_percent": 193.751149847286,
                "stress_error": 0.004731921571986218,
                "structure_index": 1,
                "true_energy": -1094.11947322,
                "true_energy_per_atom": -8.823544138870966,
                "true_stress": [
                    0.003350903970449448,
                    0.0020975277983534537,
                    -0.0010565938723751474,
                    0.0020975277983534537,
                    0.0038230491697860136,
                    -0.0016884343242065613,
                    -0.0010565938723751474,
                    -0.0016884343242065613,
                    0.0033322793072178124
                ]
            },
            {
                "config_type": "default",
                "energy_error": 0.1841720006250398,
                "energy_error_per_atom": 0.0014852580695567726,
                "force_error": 0.09567768981865969,
                "inference_time": 0.019821444526314735,
                "n_atoms": 124,
                "predicted_energy": -1070.898681640625,
                "predicted_energy_per_atom": -8.636279690650202,
                "relative_energy_error_percent": 0.017200850363647623,
                "relative_force_error_percent": 15.16515730413674,
                "relative_stress_error_percent": 6.502510780626822,
                "stress_error": 0.002998219309777399,
                "structure_index": 2,
                "true_energy": -1070.71450964,
                "true_energy_per_atom": -8.634794432580644,
                "true_stress": [
                    0.07813727174316785,
                    0.0018295922945975372,
                    -0.0021623958026987587,
                    0.0018295922945975372,
                    0.07969316762108629,
                    -0.003575841717837155,
                    -0.0021623958026987587,
                    -0.003575841717837155,
                    0.08146168050737793
                ]
            },
            {
                "config_type": "default",
                "energy_error": 0.9504876937498921,
                "energy_error_per_atom": 0.007665223336692678,
                "force_error": 0.14298776515492534,
                "inference_time": 0.020125968381762505,
                "n_atoms": 124,
                "predicted_energy": -1055.15771484375,
                "predicted_energy_per_atom": -8.509336410030242,
                "relative_energy_error_percent": 0.09016137143353599,
                "relative_force_error_percent": 12.88304532540219,
                "relative_stress_error_percent": 12.024250799732732,
                "stress_error": 0.002002168081791299,
                "structure_index": 3,
                "true_energy": -1054.20722715,
                "true_energy_per_atom": -8.50167118669355,
                "true_stress": [
                    -0.029319133352816426,
                    -7.222674360472106e-05,
                    0.0006337815611695638,
                    -7.222674360472106e-05,
                    -0.030980716704763444,
                    -0.0012036750349265863,
                    0.0006337815611695638,
                    -0.0012036750349265863,
                    -0.025926804486298496
                ]
            },
            {
                "config_type": "default",
                "energy_error": 0.610517822812426,
                "energy_error_per_atom": 0.004923530829132467,
                "force_error": 0.1675646468979321,
                "inference_time": 0.020088844001293182,
                "n_atoms": 124,
                "predicted_energy": -1060.2862548828125,
                "predicted_energy_per_atom": -8.550695603893649,
                "relative_energy_error_percent": 0.057613645520116094,
                "relative_force_error_percent": 12.604354400227749,
                "relative_stress_error_percent": 17.77315761804654,
                "stress_error": 0.0018905521533816956,
                "structure_index": 4,
                "true_energy": -1059.67573706,
                "true_energy_per_atom": -8.545772073064517,
                "true_stress": [
                    -0.018029335608190644,
                    0.00324530387754863,
                    0.0008097983600285975,
                    0.00324530387754863,
                    -0.014060216400331586,
                    -0.0018319078944832397,
                    0.0008097983600285975,
                    -0.0018319078944832397,
                    -0.021598629982954747
                ]
            },
            {
                "config_type": "default",
                "energy_error": 1.2474374565624657,
                "energy_error_per_atom": 0.010059979488406982,
                "force_error": 0.052517510251951345,
                "inference_time": 0.020048299804329872,
                "n_atoms": 124,
                "predicted_energy": -1094.3294677734375,
                "predicted_energy_per_atom": -8.825237643334173,
                "relative_energy_error_percent": 0.11386124064933488,
                "relative_force_error_percent": 160.42414210476989,
                "relative_stress_error_percent": 148.54778157326479,
                "stress_error": 0.004600062933875019,
                "structure_index": 5,
                "true_energy": -1095.57690523,
                "true_energy_per_atom": -8.83529762282258,
                "true_stress": [
                    0.0045253874671942786,
                    0.0003449557263693159,
                    0.0003997873840402004,
                    0.0003449557263693159,
                    0.005422747958749892,
                    -0.0007381520767725836,
                    0.0003997873840402004,
                    -0.0007381520767725836,
                    0.005896828025915481
                ]
            },
            {
                "config_type": "A15",
                "energy_error": 0.002140646816400249,
                "energy_error_per_atom": 0.0002675808520500311,
                "force_error": 0.012325922813771293,
                "inference_time": 0.01983790099620819,
                "n_atoms": 8,
                "predicted_energy": -67.6347427368164,
                "predicted_energy_per_atom": -8.45434284210205,
                "relative_energy_error_percent": 0.0031651108344931764,
                "relative_force_error_percent": 78.95859249155141,
                "relative_stress_error_percent": 2.844084409822142,
                "stress_error": 0.002833147485348149,
                "structure_index": 6,
                "true_energy": -67.63260209,
                "true_energy_per_atom": -8.45407526125,
                "true_stress": [
                    0.1602510526409998,
                    0.0007946502173800786,
                    -0.0037127929110772856,
                    0.0007946502173800786,
                    0.17834207308388156,
                    0.005000815700331059,
                    -0.0037127929110772856,
                    0.005000815700331059,
                    0.17816844678301774
                ]
            },
            {
                "config_type": "default",
                "energy_error": 1.5452924481251102,
                "energy_error_per_atom": 0.012462035871976695,
                "force_error": 0.050600227663532685,
                "inference_time": 0.020017702132463455,
                "n_atoms": 124,
                "predicted_energy": -1181.774169921875,
                "predicted_energy_per_atom": -9.53043685420867,
                "relative_energy_error_percent": 0.1305896249716147,
                "relative_force_error_percent": 188.20821019869734,
                "relative_stress_error_percent": 213.08117740247664,
                "stress_error": 0.00344597575490646,
                "structure_index": 7,
                "true_energy": -1183.31946237,
                "true_energy_per_atom": -9.542898890080647,
                "true_stress": [
                    0.002304695969259771,
                    0.0005658864248982055,
                    -0.0006781212419998384,
                    0.0005658864248982055,
                    0.0014104125417032172,
                    -0.0017384787443778934,
                    -0.0006781212419998384,
                    -0.0017384787443778934,
                    0.0029381467304456623
                ]
            },
            {
                "config_type": "default",
                "energy_error": 1.097263602812518,
                "energy_error_per_atom": 0.008848900022681596,
                "force_error": 0.10895927502090452,
                "inference_time": 0.020074861124157906,
                "n_atoms": 124,
                "predicted_energy": -1125.5596923828125,
                "predicted_energy_per_atom": -9.077094293409779,
                "relative_energy_error_percent": 0.09758117076468338,
                "relative_force_error_percent": 7.316620574358238,
                "relative_stress_error_percent": 5.651225712258412,
                "stress_error": 0.0016547428805253716,
                "structure_index": 8,
                "true_energy": -1124.46242878,
                "true_energy_per_atom": -9.068245393387096,
                "true_stress": [
                    -0.04844181908062455,
                    0.004024606223988161,
                    -0.0002710375337914805,
                    0.004024606223988161,
                    -0.05415892909276935,
                    -0.002550361768454536,
                    -0.0002710375337914805,
                    -0.002550361768454536,
                    -0.04889899714107725
                ]
            },
            {
                "config_type": "default",
                "energy_error": 1.3260096774999965,
                "energy_error_per_atom": 0.010693626431451586,
                "force_error": 0.041712841692230954,
                "inference_time": 0.020200572907924652,
                "n_atoms": 124,
                "predicted_energy": -1159.9814453125,
                "predicted_energy_per_atom": -9.354689075100806,
                "relative_energy_error_percent": 0.11418248214995011,
                "relative_force_error_percent": 133.7986644131731,
                "relative_stress_error_percent": 199.09537713311215,
                "stress_error": 0.003523088684516725,
                "structure_index": 9,
                "true_energy": -1161.30745499,
                "true_energy_per_atom": -9.365382701532258,
                "true_stress": [
                    0.0008936405521165872,
                    -0.0001791437949311013,
                    0.0008354946530998588,
                    -0.0001791437949311013,
                    0.003057440694368669,
                    -9.371625952513712e-05,
                    0.0008354946530998588,
                    -9.371625952513712e-05,
                    0.004069064493491828
                ]
            },
            {
                "config_type": "default",
                "energy_error": 0.836992354999893,
                "energy_error_per_atom": 0.006749938346773331,
                "force_error": 0.03746715022916681,
                "inference_time": 0.02001679316163063,
                "n_atoms": 124,
                "predicted_energy": -1138.205078125,
                "predicted_energy_per_atom": -9.179073210685484,
                "relative_energy_error_percent": 0.07348212824546321,
                "relative_force_error_percent": 112.36773726534335,
                "relative_stress_error_percent": 296.1055445652769,
                "stress_error": 0.0059575471405492976,
                "structure_index": 10,
                "true_energy": -1139.04207048,
                "true_energy_per_atom": -9.185823149032258,
                "true_stress": [
                    0.002236857006570546,
                    -0.0006517071753791003,
                    -0.0001013745912225959,
                    -0.0006517071753791003,
                    0.005076319236226868,
                    0.00012378160898451679,
                    -0.0001013745912225959,
                    0.00012378160898451679,
                    0.002181488579114835
                ]
            },
            {
                "config_type": "default",
                "energy_error": 1.2296211028124162,
                "energy_error_per_atom": 0.009916299216229163,
                "force_error": 0.1735691704423266,
                "inference_time": 0.02014833502471447,
                "n_atoms": 124,
                "predicted_energy": -1087.7940673828125,
                "predicted_energy_per_atom": -8.772532801474295,
                "relative_energy_error_percent": 0.11316596148734571,
                "relative_force_error_percent": 7.264768868465282,
                "relative_stress_error_percent": 2.9301356088965034,
                "stress_error": 0.0017702830167719906,
                "structure_index": 11,
                "true_energy": -1086.56444628,
                "true_energy_per_atom": -8.762616502258066,
                "true_stress": [
                    -0.10418699651019152,
                    0.004120950158855296,
                    0.0002811487785754114,
                    0.004120950158855296,
                    -0.10266916759643183,
                    0.004851119345455875,
                    0.0002811487785754114,
                    0.004851119345455875,
                    -0.10664996466786542
                ]
            },
            {
                "config_type": "default",
                "energy_error": 0.12986469468751238,
                "energy_error_per_atom": 0.0010472959248992934,
                "force_error": 0.1624166868883315,
                "inference_time": 0.0200281273573637,
                "n_atoms": 124,
                "predicted_energy": -1031.6114501953125,
                "predicted_energy_per_atom": -8.319447178994455,
                "relative_energy_error_percent": 0.012586943336795428,
                "relative_force_error_percent": 15.07868238487919,
                "relative_stress_error_percent": 15.179895925076591,
                "stress_error": 0.0024812890227624146,
                "structure_index": 12,
                "true_energy": -1031.74131489,
                "true_energy_per_atom": -8.320494474919355,
                "true_stress": [
                    0.018239761846860676,
                    0.0026500698767405206,
                    -0.00431679623220726,
                    0.0026500698767405206,
                    0.03041466175911884,
                    0.003090277273879941,
                    -0.00431679623220726,
                    0.003090277273879941,
                    0.032810627316326405
                ]
            },
            {
                "config_type": "default",
                "energy_error": 1.0048378456249338,
                "energy_error_per_atom": 0.008103531013104305,
                "force_error": 0.03941717011718814,
                "inference_time": 0.020024815574288368,
                "n_atoms": 124,
                "predicted_energy": -1126.884521484375,
                "predicted_energy_per_atom": -9.08777839906754,
                "relative_energy_error_percent": 0.08909010775860476,
                "relative_force_error_percent": 126.20351388644393,
                "relative_stress_error_percent": 178.63911409758907,
                "stress_error": 0.00552250068358437,
                "structure_index": 13,
                "true_energy": -1127.88935933,
                "true_energy_per_atom": -9.095881930080644,
                "true_stress": [
                    0.003693331885622782,
                    -9.742995745503765e-05,
                    0.0008688367948503273,
                    -9.742995745503765e-05,
                    0.0052309463833115,
                    -0.0005710044623814299,
                    0.0008688367948503273,
                    -0.0005710044623814299,
                    0.006544309699616358
                ]
            },
            {
                "config_type": "default",
                "energy_error": 1.9042608662500697,
                "energy_error_per_atom": 0.015356942469758626,
                "force_error": 0.04313036611064653,
                "inference_time": 0.020047442987561226,
                "n_atoms": 124,
                "predicted_energy": -1158.58349609375,
                "predicted_energy_per_atom": -9.34341529107863,
                "relative_energy_error_percent": 0.16409142232042576,
                "relative_force_error_percent": 76.75084375847212,
                "relative_stress_error_percent": 74.93505512679134,
                "stress_error": 0.003715003713894303,
                "structure_index": 14,
                "true_energy": -1160.48775696,
                "true_energy_per_atom": -9.358772233548388,
                "true_stress": [
                    0.00871848323003566,
                    -0.00016780921435849728,
                    0.00011261554915831162,
                    -0.00016780921435849728,
                    0.008667071919365759,
                    -4.9014571165561227e-05,
                    0.00011261554915831162,
                    -4.9014571165561227e-05,
                    0.008365781790841123
                ]
            },
            {
                "config_type": "default",
                "energy_error": 1.5196196121873982,
                "energy_error_per_atom": 0.012254996872479017,
                "force_error": 0.10806304363299139,
                "inference_time": 0.0200300645083189,
                "n_atoms": 124,
                "predicted_energy": -1087.1180419921875,
                "predicted_energy_per_atom": -8.767080983807963,
                "relative_energy_error_percent": 0.13997990240773162,
                "relative_force_error_percent": 8.532870797012833,
                "relative_stress_error_percent": 9.952108773959022,
                "stress_error": 0.002229543772730577,
                "structure_index": 15,
                "true_energy": -1085.59842238,
                "true_energy_per_atom": -8.754825986935485,
                "true_stress": [
                    -0.03704406819415749,
                    0.0008990394575104762,
                    -0.0017073086478032321,
                    0.0008990394575104762,
                    -0.04087910730297432,
                    0.0018061679108480973,
                    -0.0017073086478032321,
                    0.0018061679108480973,
                    -0.038204764197243245
                ]
            },
            {
                "config_type": "default",
                "energy_error": 1.4295869537500039,
                "energy_error_per_atom": 0.011528927046370999,
                "force_error": 0.04887363524029173,
                "inference_time": 0.0199997927993536,
                "n_atoms": 124,
                "predicted_energy": -1161.29931640625,
                "predicted_energy_per_atom": -9.365317067792338,
                "relative_energy_error_percent": 0.122951012021706,
                "relative_force_error_percent": 60.60921435958539,
                "relative_stress_error_percent": 109.92381211446325,
                "stress_error": 0.0034773166253537803,
                "structure_index": 16,
                "true_energy": -1162.72890336,
                "true_energy_per_atom": -9.37684599483871,
                "true_stress": [
                    0.0021298962646802842,
                    2.095898764471598e-05,
                    -0.0008791415264171605,
                    2.095898764471598e-05,
                    0.0066233459296774185,
                    0.003604677489998736,
                    -0.0008791415264171605,
                    0.003604677489998736,
                    0.003758181165440709
                ]
            },
            {
                "config_type": "default",
                "energy_error": 2.55211311249991,
                "energy_error_per_atom": 0.020581557358870243,
                "force_error": 0.02979880584930686,
                "inference_time": 0.019998930394649506,
                "n_atoms": 124,
                "predicted_energy": -1162.5615234375,
                "predicted_energy_per_atom": -9.375496156754032,
                "relative_energy_error_percent": 0.21904413719308385,
                "relative_force_error_percent": 496.8780204871093,
                "relative_stress_error_percent": 93.77428555889487,
                "stress_error": 0.003939687686815326,
                "structure_index": 17,
                "true_energy": -1165.11363655,
                "true_energy_per_atom": -9.396077714112902,
                "true_stress": [
                    0.005284080350500144,
                    0.00023346364885366326,
                    0.0014627226296872451,
                    0.00023346364885366326,
                    0.01008511782672993,
                    -0.00010825273427931924,
                    0.0014627226296872451,
                    -0.00010825273427931924,
                    0.004981105014511519
                ]
            },
            {
                "config_type": "default",
                "energy_error": 0.9829616859374255,
                "energy_error_per_atom": 0.00792711037046311,
                "force_error": 0.035348117821450725,
                "inference_time": 0.020014328882098198,
                "n_atoms": 124,
                "predicted_energy": -1105.3414306640625,
                "predicted_energy_per_atom": -8.914043795677923,
                "relative_energy_error_percent": 0.08884931876530956,
                "relative_force_error_percent": 94.57188270308735,
                "relative_stress_error_percent": 245.90259586973832,
                "stress_error": 0.006398844485649927,
                "structure_index": 18,
                "true_energy": -1106.32439235,
                "true_energy_per_atom": -8.921970906048386,
                "true_stress": [
                    0.005110822298674751,
                    -0.0006072801134210634,
                    -0.00045867602264290885,
                    -0.0006072801134210634,
                    0.004190680298809663,
                    0.0005449274372534897,
                    -0.00045867602264290885,
                    0.0005449274372534897,
                    0.003937992801848279
                ]
            },
            {
                "config_type": "default",
                "energy_error": 0.7435713662500802,
                "energy_error_per_atom": 0.005996543276210325,
                "force_error": 0.04234208579952988,
                "inference_time": 0.020018119364976883,
                "n_atoms": 124,
                "predicted_energy": -1126.73974609375,
                "predicted_energy_per_atom": -9.086610855594758,
                "relative_energy_error_percent": 0.065949655727519,
                "relative_force_error_percent": 410.23210136155024,
                "relative_stress_error_percent": 795.230426805141,
                "stress_error": 0.005220101721639779,
                "structure_index": 19,
                "true_energy": -1127.48331746,
                "true_energy_per_atom": -9.09260739887097,
                "true_stress": [
                    0.001197920363512522,
                    8.357380719557683e-06,
                    -2.8817047634203004e-05,
                    8.357380719557683e-06,
                    0.0011239522388616795,
                    -1.6421410510198853e-05,
                    -2.8817047634203004e-05,
                    -1.6421410510198853e-05,
                    0.0010850926030439303
                ]
            },
            {
                "config_type": "default",
                "energy_error": 0.8218654490624431,
                "energy_error_per_atom": 0.0066279471698584115,
                "force_error": 0.04277174827241944,
                "inference_time": 0.020027246326208115,
                "n_atoms": 124,
                "predicted_energy": -1128.2113037109375,
                "predicted_energy_per_atom": -9.098478255733367,
                "relative_energy_error_percent": 0.07279373817457556,
                "relative_force_error_percent": 55.499283002901564,
                "relative_stress_error_percent": 95.34846678769046,
                "stress_error": 0.0056151410980879715,
                "structure_index": 20,
                "true_energy": -1129.03316916,
                "true_energy_per_atom": -9.105106202903226,
                "true_stress": [
                    0.01245061233638493,
                    -0.0005218525780150992,
                    0.0006111685736064886,
                    -0.0005218525780150992,
                    0.007905820017318281,
                    0.0002870969367723781,
                    0.0006111685736064886,
                    0.0002870969367723781,
                    0.00965164501793734
                ]
            },
            {
                "config_type": "default",
                "energy_error": 0.020327163125102743,
                "energy_error_per_atom": 0.00016392873487986083,
                "force_error": 0.1365836640190237,
                "inference_time": 0.02002563886344433,
                "n_atoms": 124,
                "predicted_energy": -1058.360595703125,
                "predicted_energy_per_atom": -8.53516609438004,
                "relative_energy_error_percent": 0.001920664244699339,
                "relative_force_error_percent": 15.008081370856246,
                "relative_stress_error_percent": 6.638877985476083,
                "stress_error": 0.0025896283864620473,
                "structure_index": 21,
                "true_energy": -1058.34026854,
                "true_energy_per_atom": -8.53500216564516,
                "true_stress": [
                    0.0635778282354025,
                    0.0029907688938859843,
                    -0.0010276832021040563,
                    0.0029907688938859843,
                    0.06943695130468852,
                    0.0008380411888232192,
                    -0.0010276832021040563,
                    0.0008380411888232192,
                    0.06934616231294342
                ]
            },
            {
                "config_type": "default",
                "energy_error": 2.9694967546874977,
                "energy_error_per_atom": 0.02394755447328627,
                "force_error": 0.06938201779307845,
                "inference_time": 0.020261265337467194,
                "n_atoms": 124,
                "predicted_energy": -1133.5682373046875,
                "predicted_energy_per_atom": -9.141679333102319,
                "relative_energy_error_percent": 0.2626481569617646,
                "relative_force_error_percent": 13.248326131119526,
                "relative_stress_error_percent": 186.27451475604022,
                "stress_error": 0.004376092964188561,
                "structure_index": 22,
                "true_energy": -1130.59874055,
                "true_energy_per_atom": -9.117731778629032,
                "true_stress": [
                    -0.0033832349877215236,
                    0.0017777565613070767,
                    0.001124988329376576,
                    0.0017777565613070767,
                    -0.0032101204906060258,
                    0.0002083915066949902,
                    0.001124988329376576,
                    0.0002083915066949902,
                    -0.004356785581176794
                ]
            },
            {
                "config_type": "default",
                "energy_error": 1.7935588375000862,
                "energy_error_per_atom": 0.014464184173387792,
                "force_error": 0.04202309450937439,
                "inference_time": 0.02004503458738327,
                "n_atoms": 124,
                "predicted_energy": -1157.0517578125,
                "predicted_energy_per_atom": -9.331062563004032,
                "relative_energy_error_percent": 0.1547712030010115,
                "relative_force_error_percent": 43.078482633297604,
                "relative_stress_error_percent": 214.03164953017543,
                "stress_error": 0.003797722436505572,
                "structure_index": 23,
                "true_energy": -1158.84531665,
                "true_energy_per_atom": -9.34552674717742,
                "true_stress": [
                    0.0015244012228692234,
                    -0.0007919726099650748,
                    0.00019462273756329175,
                    -0.0007919726099650748,
                    0.0039690567927678005,
                    -0.0002167488874145479,
                    0.00019462273756329175,
                    -0.0002167488874145479,
                    0.0029722440948003626
                ]
            },
            {
                "config_type": "default",
                "energy_error": 1.8313217521874776,
                "energy_error_per_atom": 0.014768723807963529,
                "force_error": 0.09884567397631545,
                "inference_time": 0.02002888359129429,
                "n_atoms": 124,
                "predicted_energy": -1094.3758544921875,
                "predicted_energy_per_atom": -8.825611729775705,
                "relative_energy_error_percent": 0.16761987244535406,
                "relative_force_error_percent": 9.297929380122447,
                "relative_stress_error_percent": 19.619881605705935,
                "stress_error": 0.002719244848119387,
                "structure_index": 24,
                "true_energy": -1092.54453274,
                "true_energy_per_atom": -8.810843005967742,
                "true_stress": [
                    -0.025323550146263626,
                    0.00032373459534131287,
                    -0.0005780698507119297,
                    0.00032373459534131287,
                    -0.02399612470989815,
                    0.0010316590434172439,
                    -0.0005780698507119297,
                    0.0010316590434172439,
                    -0.022554454690492512
                ]
            },
            {
                "config_type": "surface_111",
                "energy_error": 0.09400018804687704,
                "energy_error_per_atom": 0.00783334900390642,
                "force_error": 0.10221222238639022,
                "inference_time": 0.019861919805407524,
                "n_atoms": 12,
