[
    {
        "aggregated_by_config": {
            "A15": {
                "RMSE_energy_per_atom_eV": 0.01144423470200558,
                "RMSE_force_eV_per_Angstrom": 0.059937233417893504,
                "RMSE_stress_eV_per_Angstrom3": 0.007617915594589248,
                "average_relative_energy_error_percent": 0.08536850792260879,
                "relative_force_RMSE_percent": 120.47969168533052,
                "relative_stress_RMSE_percent": 9.976646072073068
            },
            "C15": {
                "RMSE_energy_per_atom_eV": 0.019898959850565265,
                "RMSE_force_eV_per_Angstrom": 0.018911429392520652,
                "RMSE_stress_eV_per_Angstrom3": 0.011945534780320063,
                "average_relative_energy_error_percent": 0.1415956307770818,
                "relative_force_RMSE_percent": 91.0601591423412,
                "relative_stress_RMSE_percent": 65.69638894082286
            },
            "default": {
                "RMSE_energy_per_atom_eV": 0.01043096762914134,
                "RMSE_force_eV_per_Angstrom": 0.09536311810897044,
                "RMSE_stress_eV_per_Angstrom3": 0.003922383162804379,
                "average_relative_energy_error_percent": 0.1025650910165432,
                "relative_force_RMSE_percent": 114.24203660093067,
                "relative_stress_RMSE_percent": 187.06699540382445
            },
            "dia": {
                "RMSE_energy_per_atom_eV": 0.023360948208186207,
                "RMSE_force_eV_per_Angstrom": 0.15422185543170097,
                "RMSE_stress_eV_per_Angstrom3": 0.008296083342427164,
                "average_relative_energy_error_percent": 0.19925184234236895,
                "relative_force_RMSE_percent": 30.156069160955933,
                "relative_stress_RMSE_percent": 33.1742484063407
            },
            "hcp": {
                "RMSE_energy_per_atom_eV": 0.028237788395580374,
                "RMSE_force_eV_per_Angstrom": 0.0669330329872162,
                "RMSE_stress_eV_per_Angstrom3": 0.01727292832539338,
                "average_relative_energy_error_percent": 0.20906187107955426,
                "relative_force_RMSE_percent": 12.011640391146644,
                "relative_stress_RMSE_percent": 17.175109252834496
            },
            "liquid": {
                "RMSE_energy_per_atom_eV": 0.0524661286280029,
                "RMSE_force_eV_per_Angstrom": 0.32226075862930986,
                "RMSE_stress_eV_per_Angstrom3": 0.004888487490700529,
                "average_relative_energy_error_percent": 0.46913825490329586,
                "relative_force_RMSE_percent": 27.73190915462463,
                "relative_stress_RMSE_percent": 7.713854987372132
            },
            "phonon": {
                "RMSE_energy_per_atom_eV": 0.004295491632587024,
                "RMSE_force_eV_per_Angstrom": 0.06548298986523579,
                "RMSE_stress_eV_per_Angstrom3": 0.0018729168223532483,
                "average_relative_energy_error_percent": 0.03878190165295803,
                "relative_force_RMSE_percent": 9.962004914153617,
                "relative_stress_RMSE_percent": 5.90166063568762
            },
            "short_range": {
                "RMSE_energy_per_atom_eV": 0.007858763250105717,
                "RMSE_force_eV_per_Angstrom": 0.1812874698710703,
                "RMSE_stress_eV_per_Angstrom3": 0.0030707780657996744,
                "average_relative_energy_error_percent": 0.058109687588204055,
                "relative_force_RMSE_percent": 4.3064568994929875,
                "relative_stress_RMSE_percent": 4.154757240590447
            },
            "sia": {
                "RMSE_energy_per_atom_eV": 0.0031969519239945826,
                "RMSE_force_eV_per_Angstrom": 0.06025664623690487,
                "RMSE_stress_eV_per_Angstrom3": 0.0018847136847269161,
                "average_relative_energy_error_percent": 0.03177170055808396,
                "relative_force_RMSE_percent": 21.31671501908701,
                "relative_stress_RMSE_percent": 7.032879890971635
            },
            "surf_liquid": {
                "RMSE_energy_per_atom_eV": 0.031638947978265754,
                "RMSE_force_eV_per_Angstrom": 0.1976372799176935,
                "RMSE_stress_eV_per_Angstrom3": 0.0015129978937943587,
                "average_relative_energy_error_percent": 0.2569210670030522,
                "relative_force_RMSE_percent": 15.326486871296003,
                "relative_stress_RMSE_percent": 7.550230537503334
            },
            "surface_100": {
                "RMSE_energy_per_atom_eV": 0.025165006987144377,
                "RMSE_force_eV_per_Angstrom": 0.06204789409784165,
                "RMSE_stress_eV_per_Angstrom3": 0.001780910866295831,
                "average_relative_energy_error_percent": 0.22325103149300704,
                "relative_force_RMSE_percent": 16.856513043917257,
                "relative_stress_RMSE_percent": 14.975510619775383
            },
            "surface_110": {
                "RMSE_energy_per_atom_eV": 0.009619779107052627,
                "RMSE_force_eV_per_Angstrom": 0.0538830331666365,
                "RMSE_stress_eV_per_Angstrom3": 0.0015893358553772583,
                "average_relative_energy_error_percent": 0.0923431239623365,
                "relative_force_RMSE_percent": 12.583276945297186,
                "relative_stress_RMSE_percent": 7.315055401046019
            },
            "surface_111": {
                "RMSE_energy_per_atom_eV": 0.01497963451603064,
                "RMSE_force_eV_per_Angstrom": 0.17630892552407837,
                "RMSE_stress_eV_per_Angstrom3": 0.0011974035811311379,
                "average_relative_energy_error_percent": 0.11428238599231713,
                "relative_force_RMSE_percent": 20.54148480137693,
                "relative_stress_RMSE_percent": 6.147910696552112
            },
            "surface_112": {
                "RMSE_energy_per_atom_eV": 0.006150572514697953,
                "RMSE_force_eV_per_Angstrom": 0.08449807280961603,
                "RMSE_stress_eV_per_Angstrom3": 0.0013506808777600874,
                "average_relative_energy_error_percent": 0.06323497745640756,
                "relative_force_RMSE_percent": 18.092815951993657,
                "relative_stress_RMSE_percent": 9.914028816384333
            },
            "vacancy": {
                "RMSE_energy_per_atom_eV": 0.004362841048563918,
                "RMSE_force_eV_per_Angstrom": 0.04291497617253369,
                "RMSE_stress_eV_per_Angstrom3": 0.001679154194726874,
                "average_relative_energy_error_percent": 0.03799579056208371,
                "relative_force_RMSE_percent": 9.734753268693078,
                "relative_stress_RMSE_percent": 6.8457860395950965
            }
        },
        "average_inference_time_sec": 0.024980652567780617,
        "model_name": "/home/myless/Potential_Training/V-Cr-Ti-W-Zr/fixed_al_ensemble/gen_6_2025-01-16/gen_6_model_0_L0_isolated-2026-01-16_stagetwo.model",
        "num_structures": 2131,
        "overall_energy_RMSE_eV_per_atom": 0.011369044986055255,
        "overall_force_RMSE_eV_per_Angstrom": 0.09883573617183981,
        "overall_force_relative_RMSE_percent": 106.7615554927084,
        "overall_stress_RMSE_eV_per_Angstrom3": 0.004192581064973689,
        "overall_stress_relative_RMSE_percent": 171.55237060287337,
        "per_structure": [
            {
                "config_type": "default",
                "energy_error": 0.7067756656249458,
                "energy_error_per_atom": 0.0056998037550398855,
                "force_error": 0.05814288929104805,
                "inference_time": 1.0263135973364115,
                "n_atoms": 124,
                "predicted_energy": -1124.872802734375,
                "predicted_energy_per_atom": -9.071554860761088,
                "relative_energy_error_percent": 0.0627921542988209,
                "relative_force_error_percent": 15.287121513850375,
                "relative_stress_error_percent": 148.23567072739178,
                "stress_error": 0.005348795070263421,
                "structure_index": 0,
                "true_energy": -1125.5795784,
                "true_energy_per_atom": -9.07725466451613,
                "true_stress": [
                    0.005782864310785979,
                    -0.00024323161063567058,
                    0.001316715006705458,
                    -0.00024323161063567058,
                    0.002862455949276076,
                    -0.0011709383195613288,
                    0.001316715006705458,
                    -0.0011709383195613288,
                    0.00831958838180046
                ]
            },
            {
                "config_type": "default",
                "energy_error": 1.403897048124918,
                "energy_error_per_atom": 0.011321750388104177,
                "force_error": 0.04657602682709694,
                "inference_time": 0.40588749572634697,
                "n_atoms": 124,
                "predicted_energy": -1092.715576171875,
                "predicted_energy_per_atom": -8.812222388482862,
                "relative_energy_error_percent": 0.12831295690161157,
                "relative_force_error_percent": 102.51221029806497,
                "relative_stress_error_percent": 193.75123292316786,
                "stress_error": 0.00473192360092157,
                "structure_index": 1,
                "true_energy": -1094.11947322,
                "true_energy_per_atom": -8.823544138870966,
                "true_stress": [
                    0.003350903970449448,
                    0.0020975277983534537,
                    -0.0010565938723751474,
                    0.0020975277983534537,
                    0.0038230491697860136,
                    -0.0016884343242065613,
                    -0.0010565938723751474,
                    -0.0016884343242065613,
                    0.0033322793072178124
                ]
            },
            {
                "config_type": "default",
                "energy_error": 0.1841720006250398,
                "energy_error_per_atom": 0.0014852580695567726,
                "force_error": 0.0956776812672615,
                "inference_time": 2.961712297052145,
                "n_atoms": 124,
                "predicted_energy": -1070.898681640625,
                "predicted_energy_per_atom": -8.636279690650202,
                "relative_energy_error_percent": 0.017200850363647623,
                "relative_force_error_percent": 15.16515647738412,
                "relative_stress_error_percent": 6.50253468349542,
                "stress_error": 0.002998230331065115,
                "structure_index": 2,
                "true_energy": -1070.71450964,
                "true_energy_per_atom": -8.634794432580644,
                "true_stress": [
                    0.07813727174316785,
                    0.0018295922945975372,
                    -0.0021623958026987587,
                    0.0018295922945975372,
                    0.07969316762108629,
                    -0.003575841717837155,
                    -0.0021623958026987587,
                    -0.003575841717837155,
                    0.08146168050737793
                ]
            },
            {
                "config_type": "default",
                "energy_error": 0.9504876937498921,
                "energy_error_per_atom": 0.007665223336692678,
                "force_error": 0.14298783242702484,
                "inference_time": 2.87334637157619,
                "n_atoms": 124,
                "predicted_energy": -1055.15771484375,
                "predicted_energy_per_atom": -8.509336410030242,
                "relative_energy_error_percent": 0.09016137143353599,
                "relative_force_error_percent": 12.883052507929712,
                "relative_stress_error_percent": 12.02427666972289,
                "stress_error": 0.00200217238942505,
                "structure_index": 3,
                "true_energy": -1054.20722715,
                "true_energy_per_atom": -8.50167118669355,
                "true_stress": [
                    -0.029319133352816426,
                    -7.222674360472106e-05,
                    0.0006337815611695638,
                    -7.222674360472106e-05,
                    -0.030980716704763444,
                    -0.0012036750349265863,
                    0.0006337815611695638,
                    -0.0012036750349265863,
                    -0.025926804486298496
                ]
            },
            {
                "config_type": "default",
                "energy_error": 0.610517822812426,
                "energy_error_per_atom": 0.004923530829132467,
                "force_error": 0.16756460070610046,
                "inference_time": 3.237406300380826,
                "n_atoms": 124,
                "predicted_energy": -1060.2862548828125,
                "predicted_energy_per_atom": -8.550695603893649,
                "relative_energy_error_percent": 0.057613645520116094,
                "relative_force_error_percent": 12.604351489966708,
                "relative_stress_error_percent": 17.773245599677715,
                "stress_error": 0.001890561512093628,
                "structure_index": 4,
                "true_energy": -1059.67573706,
                "true_energy_per_atom": -8.545772073064517,
                "true_stress": [
                    -0.018029335608190644,
                    0.00324530387754863,
                    0.0008097983600285975,
                    0.00324530387754863,
                    -0.014060216400331586,
                    -0.0018319078944832397,
                    0.0008097983600285975,
                    -0.0018319078944832397,
                    -0.021598629982954747
                ]
            },
            {
                "config_type": "default",
                "energy_error": 1.2474374565624657,
                "energy_error_per_atom": 0.010059979488406982,
                "force_error": 0.05251750349998474,
                "inference_time": 0.021917732432484627,
                "n_atoms": 124,
                "predicted_energy": -1094.3294677734375,
                "predicted_energy_per_atom": -8.825237643334173,
                "relative_energy_error_percent": 0.11386124064933488,
                "relative_force_error_percent": 160.42413434905168,
                "relative_stress_error_percent": 148.5475578851132,
                "stress_error": 0.004600056006948451,
                "structure_index": 5,
                "true_energy": -1095.57690523,
                "true_energy_per_atom": -8.83529762282258,
                "true_stress": [
                    0.0045253874671942786,
                    0.0003449557263693159,
                    0.0003997873840402004,
                    0.0003449557263693159,
                    0.005422747958749892,
                    -0.0007381520767725836,
                    0.0003997873840402004,
                    -0.0007381520767725836,
                    0.005896828025915481
                ]
            },
            {
                "config_type": "A15",
                "energy_error": 0.002140646816400249,
                "energy_error_per_atom": 0.0002675808520500311,
                "force_error": 0.012326075695455074,
                "inference_time": 0.020565809682011604,
                "n_atoms": 8,
                "predicted_energy": -67.6347427368164,
                "predicted_energy_per_atom": -8.45434284210205,
                "relative_energy_error_percent": 0.0031651108344931764,
                "relative_force_error_percent": 78.95957379309007,
                "relative_stress_error_percent": 2.844076764075496,
                "stress_error": 0.002833139869003216,
                "structure_index": 6,
                "true_energy": -67.63260209,
                "true_energy_per_atom": -8.45407526125,
                "true_stress": [
                    0.1602510526409998,
                    0.0007946502173800786,
                    -0.0037127929110772856,
                    0.0007946502173800786,
                    0.17834207308388156,
                    0.005000815700331059,
                    -0.0037127929110772856,
                    0.005000815700331059,
                    0.17816844678301774
                ]
            },
            {
                "config_type": "default",
                "energy_error": 1.5452924481251102,
                "energy_error_per_atom": 0.012462035871976695,
                "force_error": 0.05060023069381714,
                "inference_time": 0.020526621490716934,
                "n_atoms": 124,
                "predicted_energy": -1181.774169921875,
                "predicted_energy_per_atom": -9.53043685420867,
                "relative_energy_error_percent": 0.1305896249716147,
                "relative_force_error_percent": 188.20821360351977,
                "relative_stress_error_percent": 213.08115736849942,
                "stress_error": 0.003445975430914446,
                "structure_index": 7,
                "true_energy": -1183.31946237,
                "true_energy_per_atom": -9.542898890080647,
                "true_stress": [
                    0.002304695969259771,
                    0.0005658864248982055,
                    -0.0006781212419998384,
                    0.0005658864248982055,
                    0.0014104125417032172,
                    -0.0017384787443778934,
                    -0.0006781212419998384,
                    -0.0017384787443778934,
                    0.0029381467304456623
                ]
            },
            {
                "config_type": "default",
                "energy_error": 1.097263602812518,
                "energy_error_per_atom": 0.008848900022681596,
                "force_error": 0.10895927995443344,
                "inference_time": 0.02047818712890148,
                "n_atoms": 124,
                "predicted_energy": -1125.5596923828125,
                "predicted_energy_per_atom": -9.077094293409779,
                "relative_energy_error_percent": 0.09758117076468338,
                "relative_force_error_percent": 7.316621217880097,
                "relative_stress_error_percent": 5.65122559189343,
                "stress_error": 0.001654742845281142,
                "structure_index": 8,
                "true_energy": -1124.46242878,
                "true_energy_per_atom": -9.068245393387096,
                "true_stress": [
                    -0.04844181908062455,
                    0.004024606223988161,
                    -0.0002710375337914805,
                    0.004024606223988161,
                    -0.05415892909276935,
                    -0.002550361768454536,
                    -0.0002710375337914805,
                    -0.002550361768454536,
                    -0.04889899714107725
                ]
            },
            {
                "config_type": "default",
                "energy_error": 1.3260096774999965,
                "energy_error_per_atom": 0.010693626431451586,
                "force_error": 0.041712839156389236,
                "inference_time": 0.020383086055517197,
                "n_atoms": 124,
                "predicted_energy": -1159.9814453125,
                "predicted_energy_per_atom": -9.354689075100806,
                "relative_energy_error_percent": 0.11418248214995011,
                "relative_force_error_percent": 133.79865434061838,
                "relative_stress_error_percent": 199.09553272973534,
                "stress_error": 0.0035230914378739874,
                "structure_index": 9,
                "true_energy": -1161.30745499,
                "true_energy_per_atom": -9.365382701532258,
                "true_stress": [
                    0.0008936405521165872,
                    -0.0001791437949311013,
                    0.0008354946530998588,
                    -0.0001791437949311013,
                    0.003057440694368669,
                    -9.371625952513712e-05,
                    0.0008354946530998588,
                    -9.371625952513712e-05,
                    0.004069064493491828
                ]
            },
            {
                "config_type": "default",
                "energy_error": 0.836992354999893,
                "energy_error_per_atom": 0.006749938346773331,
                "force_error": 0.037467166781425476,
                "inference_time": 0.020332971587777138,
                "n_atoms": 124,
                "predicted_energy": -1138.205078125,
                "predicted_energy_per_atom": -9.179073210685484,
                "relative_energy_error_percent": 0.07348212824546321,
                "relative_force_error_percent": 112.3677852298296,
                "relative_stress_error_percent": 296.10542178531955,
                "stress_error": 0.0059575446702565356,
                "structure_index": 10,
                "true_energy": -1139.04207048,
                "true_energy_per_atom": -9.185823149032258,
                "true_stress": [
                    0.002236857006570546,
                    -0.0006517071753791003,
                    -0.0001013745912225959,
                    -0.0006517071753791003,
                    0.005076319236226868,
                    0.00012378160898451679,
                    -0.0001013745912225959,
                    0.00012378160898451679,
                    0.002181488579114835
                ]
            },
            {
                "config_type": "default",
                "energy_error": 1.2296211028124162,
                "energy_error_per_atom": 0.009916299216229163,
                "force_error": 0.17356912791728973,
                "inference_time": 0.020915605127811432,
                "n_atoms": 124,
                "predicted_energy": -1087.7940673828125,
                "predicted_energy_per_atom": -8.772532801474295,
                "relative_energy_error_percent": 0.11316596148734571,
                "relative_force_error_percent": 7.264767398706311,
                "relative_stress_error_percent": 2.930122860798795,
                "stress_error": 0.001770275314827821,
                "structure_index": 11,
                "true_energy": -1086.56444628,
                "true_energy_per_atom": -8.762616502258066,
                "true_stress": [
                    -0.10418699651019152,
                    0.004120950158855296,
                    0.0002811487785754114,
                    0.004120950158855296,
                    -0.10266916759643183,
                    0.004851119345455875,
                    0.0002811487785754114,
                    0.004851119345455875,
                    -0.10664996466786542
                ]
            },
            {
                "config_type": "default",
                "energy_error": 0.12986469468751238,
                "energy_error_per_atom": 0.0010472959248992934,
                "force_error": 0.1624167114496231,
                "inference_time": 0.020323224365711212,
                "n_atoms": 124,
                "predicted_energy": -1031.6114501953125,
                "predicted_energy_per_atom": -8.319447178994455,
                "relative_energy_error_percent": 0.012586943336795428,
                "relative_force_error_percent": 15.078685105300755,
                "relative_stress_error_percent": 15.179961440193763,
                "stress_error": 0.0024812997317911105,
                "structure_index": 12,
                "true_energy": -1031.74131489,
                "true_energy_per_atom": -8.320494474919355,
                "true_stress": [
                    0.018239761846860676,
                    0.0026500698767405206,
                    -0.00431679623220726,
                    0.0026500698767405206,
                    0.03041466175911884,
                    0.003090277273879941,
                    -0.00431679623220726,
                    0.003090277273879941,
                    0.032810627316326405
                ]
            },
            {
                "config_type": "default",
                "energy_error": 1.0048378456249338,
                "energy_error_per_atom": 0.008103531013104305,
                "force_error": 0.03941717743873596,
                "inference_time": 0.020315896719694138,
                "n_atoms": 124,
                "predicted_energy": -1126.884521484375,
                "predicted_energy_per_atom": -9.08777839906754,
                "relative_energy_error_percent": 0.08909010775860476,
                "relative_force_error_percent": 126.20353720725615,
                "relative_stress_error_percent": 178.63885140103068,
                "stress_error": 0.005522492562507805,
                "structure_index": 13,
                "true_energy": -1127.88935933,
                "true_energy_per_atom": -9.095881930080644,
                "true_stress": [
                    0.003693331885622782,
                    -9.742995745503765e-05,
                    0.0008688367948503273,
                    -9.742995745503765e-05,
                    0.0052309463833115,
                    -0.0005710044623814299,
                    0.0008688367948503273,
                    -0.0005710044623814299,
                    0.006544309699616358
                ]
            },
            {
                "config_type": "default",
                "energy_error": 1.9043829365625697,
                "energy_error_per_atom": 0.01535792690776266,
                "force_error": 0.04313039034605026,
                "inference_time": 0.020427772775292397,
                "n_atoms": 124,
                "predicted_energy": -1158.5833740234375,
                "predicted_energy_per_atom": -9.343414306640625,
                "relative_energy_error_percent": 0.16410194120024743,
                "relative_force_error_percent": 76.75088401156246,
                "relative_stress_error_percent": 74.93495023858036,
                "stress_error": 0.003714998513923573,
                "structure_index": 14,
                "true_energy": -1160.48775696,
                "true_energy_per_atom": -9.358772233548388,
                "true_stress": [
                    0.00871848323003566,
                    -0.00016780921435849728,
                    0.00011261554915831162,
                    -0.00016780921435849728,
                    0.008667071919365759,
                    -4.9014571165561227e-05,
                    0.00011261554915831162,
                    -4.9014571165561227e-05,
                    0.008365781790841123
                ]
            },
            {
                "config_type": "default",
                "energy_error": 1.5196196121873982,
                "energy_error_per_atom": 0.012254996872479017,
                "force_error": 0.10806303471326828,
                "inference_time": 0.020441049709916115,
                "n_atoms": 124,
                "predicted_energy": -1087.1180419921875,
                "predicted_energy_per_atom": -8.767080983807963,
                "relative_energy_error_percent": 0.13997990240773162,
                "relative_force_error_percent": 8.532870308941371,
                "relative_stress_error_percent": 9.952133949815732,
                "stress_error": 0.0022295494128090594,
                "structure_index": 15,
                "true_energy": -1085.59842238,
                "true_energy_per_atom": -8.754825986935485,
                "true_stress": [
                    -0.03704406819415749,
                    0.0008990394575104762,
                    -0.0017073086478032321,
                    0.0008990394575104762,
                    -0.04087910730297432,
                    0.0018061679108480973,
                    -0.0017073086478032321,
                    0.0018061679108480973,
                    -0.038204764197243245
                ]
            },
            {
                "config_type": "default",
                "energy_error": 1.4297090240625039,
                "energy_error_per_atom": 0.011529911484375032,
                "force_error": 0.04887364059686661,
                "inference_time": 0.020340023562312126,
                "n_atoms": 124,
                "predicted_energy": -1161.2991943359375,
                "predicted_energy_per_atom": -9.365316083354335,
                "relative_energy_error_percent": 0.12296151062650951,
                "relative_force_error_percent": 60.609217284554106,
                "relative_stress_error_percent": 109.9238827288419,
                "stress_error": 0.003477318859160525,
                "structure_index": 16,
                "true_energy": -1162.72890336,
                "true_energy_per_atom": -9.37684599483871,
                "true_stress": [
                    0.0021298962646802842,
                    2.095898764471598e-05,
                    -0.0008791415264171605,
                    2.095898764471598e-05,
                    0.0066233459296774185,
                    0.003604677489998736,
                    -0.0008791415264171605,
                    0.003604677489998736,
                    0.003758181165440709
                ]
            },
            {
                "config_type": "default",
                "energy_error": 2.55211311249991,
                "energy_error_per_atom": 0.020581557358870243,
                "force_error": 0.029798800125718117,
                "inference_time": 0.020318884402513504,
                "n_atoms": 124,
                "predicted_energy": -1162.5615234375,
                "predicted_energy_per_atom": -9.375496156754032,
                "relative_energy_error_percent": 0.21904413719308385,
                "relative_force_error_percent": 496.8779198789518,
                "relative_stress_error_percent": 93.77430633939032,
                "stress_error": 0.003939688559854897,
                "structure_index": 17,
                "true_energy": -1165.11363655,
                "true_energy_per_atom": -9.396077714112902,
                "true_stress": [
                    0.005284080350500144,
                    0.00023346364885366326,
                    0.0014627226296872451,
                    0.00023346364885366326,
                    0.01008511782672993,
                    -0.00010825273427931924,
                    0.0014627226296872451,
                    -0.00010825273427931924,
                    0.004981105014511519
                ]
            },
            {
                "config_type": "default",
                "energy_error": 0.9829616859374255,
                "energy_error_per_atom": 0.00792711037046311,
                "force_error": 0.035348087549209595,
                "inference_time": 0.020463811233639717,
                "n_atoms": 124,
                "predicted_energy": -1105.3414306640625,
                "predicted_energy_per_atom": -8.914043795677923,
                "relative_energy_error_percent": 0.08884931876530956,
                "relative_force_error_percent": 94.57179771752013,
                "relative_stress_error_percent": 245.90229158172093,
                "stress_error": 0.006398836567507804,
                "structure_index": 18,
                "true_energy": -1106.32439235,
                "true_energy_per_atom": -8.921970906048386,
                "true_stress": [
                    0.005110822298674751,
                    -0.0006072801134210634,
                    -0.00045867602264290885,
                    -0.0006072801134210634,
                    0.004190680298809663,
                    0.0005449274372534897,
                    -0.00045867602264290885,
                    0.0005449274372534897,
                    0.003937992801848279
                ]
            },
            {
                "config_type": "default",
                "energy_error": 0.7435713662500802,
                "energy_error_per_atom": 0.005996543276210325,
                "force_error": 0.04234205558896065,
                "inference_time": 0.019779913127422333,
                "n_atoms": 124,
                "predicted_energy": -1126.73974609375,
                "predicted_energy_per_atom": -9.086610855594758,
                "relative_energy_error_percent": 0.065949655727519,
                "relative_force_error_percent": 410.23180073998367,
                "relative_stress_error_percent": 795.230730157627,
                "stress_error": 0.0052201037129253,
                "structure_index": 19,
                "true_energy": -1127.48331746,
                "true_energy_per_atom": -9.09260739887097,
                "true_stress": [
                    0.001197920363512522,
                    8.357380719557683e-06,
                    -2.8817047634203004e-05,
                    8.357380719557683e-06,
                    0.0011239522388616795,
                    -1.6421410510198853e-05,
                    -2.8817047634203004e-05,
                    -1.6421410510198853e-05,
                    0.0010850926030439303
                ]
            },
            {
                "config_type": "default",
                "energy_error": 0.8219875193749431,
                "energy_error_per_atom": 0.006628931607862444,
                "force_error": 0.04277179017663002,
                "inference_time": 0.02031213603913784,
                "n_atoms": 124,
                "predicted_energy": -1128.211181640625,
                "predicted_energy_per_atom": -9.098477271295362,
                "relative_energy_error_percent": 0.07280455010781493,
                "relative_force_error_percent": 55.49933482295606,
                "relative_stress_error_percent": 95.34858749377169,
                "stress_error": 0.005615148206557571,
                "structure_index": 20,
                "true_energy": -1129.03316916,
                "true_energy_per_atom": -9.105106202903226,
                "true_stress": [
                    0.01245061233638493,
                    -0.0005218525780150992,
                    0.0006111685736064886,
                    -0.0005218525780150992,
                    0.007905820017318281,
                    0.0002870969367723781,
                    0.0006111685736064886,
                    0.0002870969367723781,
                    0.00965164501793734
                ]
            },
            {
                "config_type": "default",
                "energy_error": 0.020327163125102743,
                "energy_error_per_atom": 0.00016392873487986083,
                "force_error": 0.13658365607261658,
                "inference_time": 0.02033744566142559,
                "n_atoms": 124,
                "predicted_energy": -1058.360595703125,
                "predicted_energy_per_atom": -8.53516609438004,
                "relative_energy_error_percent": 0.001920664244699339,
                "relative_force_error_percent": 15.008079743541296,
                "relative_stress_error_percent": 6.638880495822858,
                "stress_error": 0.0025896293656734867,
                "structure_index": 21,
                "true_energy": -1058.34026854,
                "true_energy_per_atom": -8.53500216564516,
                "true_stress": [
                    0.0635778282354025,
                    0.0029907688938859843,
                    -0.0010276832021040563,
                    0.0029907688938859843,
                    0.06943695130468852,
                    0.0008380411888232192,
                    -0.0010276832021040563,
                    0.0008380411888232192,
                    0.06934616231294342
                ]
            },
            {
                "config_type": "default",
                "energy_error": 2.9694967546874977,
                "energy_error_per_atom": 0.02394755447328627,
                "force_error": 0.0693819597363472,
                "inference_time": 0.019823087379336357,
                "n_atoms": 124,
                "predicted_energy": -1133.5682373046875,
                "predicted_energy_per_atom": -9.141679333102319,
                "relative_energy_error_percent": 0.2626481569617646,
                "relative_force_error_percent": 13.248314452157107,
                "relative_stress_error_percent": 186.2748565589727,
                "stress_error": 0.0043761009940653794,
                "structure_index": 22,
                "true_energy": -1130.59874055,
                "true_energy_per_atom": -9.117731778629032,
                "true_stress": [
                    -0.0033832349877215236,
                    0.0017777565613070767,
                    0.001124988329376576,
                    0.0017777565613070767,
                    -0.0032101204906060258,
                    0.0002083915066949902,
                    0.001124988329376576,
                    0.0002083915066949902,
                    -0.004356785581176794
                ]
            },
            {
                "config_type": "default",
                "energy_error": 1.7934367671875862,
                "energy_error_per_atom": 0.014463199735383759,
                "force_error": 0.04202311113476753,
                "inference_time": 0.020451417192816734,
                "n_atoms": 124,
                "predicted_energy": -1157.0518798828125,
                "predicted_energy_per_atom": -9.331063547442037,
                "relative_energy_error_percent": 0.15476066921270118,
                "relative_force_error_percent": 43.078499819987215,
                "relative_stress_error_percent": 214.0317973934743,
                "stress_error": 0.003797725060153846,
                "structure_index": 23,
                "true_energy": -1158.84531665,
                "true_energy_per_atom": -9.34552674717742,
                "true_stress": [
                    0.0015244012228692234,
                    -0.0007919726099650748,
                    0.00019462273756329175,
                    -0.0007919726099650748,
                    0.0039690567927678005,
                    -0.0002167488874145479,
                    0.00019462273756329175,
                    -0.0002167488874145479,
                    0.0029722440948003626
                ]
            },
            {
                "config_type": "default",
                "energy_error": 1.8313217521874776,
                "energy_error_per_atom": 0.014768723807963529,
                "force_error": 0.0988456979393959,
                "inference_time": 0.020325684919953346,
                "n_atoms": 124,
                "predicted_energy": -1094.3758544921875,
                "predicted_energy_per_atom": -8.825611729775705,
                "relative_energy_error_percent": 0.16761987244535406,
                "relative_force_error_percent": 9.2979314545152,
                "relative_stress_error_percent": 19.61998673406244,
                "stress_error": 0.002719259418530542,
                "structure_index": 24,
                "true_energy": -1092.54453274,
                "true_energy_per_atom": -8.810843005967742,
                "true_stress": [
                    -0.025323550146263626,
                    0.00032373459534131287,
                    -0.0005780698507119297,
                    0.00032373459534131287,
                    -0.02399612470989815,
                    0.0010316590434172439,
                    -0.0005780698507119297,
                    0.0010316590434172439,
                    -0.022554454690492512
                ]
            },
            {
                "config_type": "surface_111",
                "energy_error": 0.09400018804687704,
                "energy_error_per_atom": 0.00783334900390642,
                "force_error": 0.10221216082572937,
                "inference_time": 0.02019924856722355,
                "n_atoms": 12,
